0 1
0 2
0 3
0 4
0 5
0 6
0 7
0 8
0 9
1 10
1 12
1 84
1 7
1 72
1 74
1 16
2 67
2 12
2 86
2 4
2 8
2 7
2 16
2 20
2 21
2 63
2 72
2 84
2 87
2 89
2 98
2 99
3 12
3 5
3 7
3 8
3 11
3 14
3 27
3 31
3 50
3 58
3 62
3 63
3 65
3 82
3 86
3 90
3 91
3 92
3 93
3 98
4 8
4 9
4 14
4 15
4 18
4 31
4 41
4 52
4 53
4 67
4 71
4 76
4 82
4 84
4 87
4 90
4 92
4 99
5 10
5 11
5 12
5 13
5 14
5 8
5 9
5 59
5 70
6 27
6 50
6 34
6 23
6 35
6 47
6 48
6 43
6 46
6 72
6 88
6 94
6 25
6 73
6 74
6 77
6 75
6 7
6 13
6 30
6 52
6 59
6 91
6 99
7 59
7 73
7 9
7 31
7 58
7 60
7 82
7 90
7 91
7 99
8 14
8 36
8 63
8 65
8 67
9 24
9 52
9 63
9 67
10 13
10 14
12 11
12 16
12 84
12 14
12 20
12 21
12 63
12 67
12 85
12 86
12 91
12 93
12 95
84 16
84 42
84 52
84 65
84 83
84 86
84 98
72 18
72 34
72 93
72 95
74 13
74 18
74 20
74 21
74 31
74 34
74 64
74 44
74 76
74 77
74 82
74 90
67 66
67 63
67 98
67 58
67 31
67 59
67 48
67 87
67 95
86 14
86 42
86 52
86 53
86 69
86 87
86 93
86 98
11 13
11 14
11 54
11 65
13 34
13 23
13 35
13 47
13 48
13 43
13 46
13 88
13 73
13 77
13 75
13 14
13 53
13 59
13 63
13 65
13 70
14 75
14 18
14 53
14 54
14 59
14 60
14 71
14 76
14 90
27 28
27 29
27 30
27 31
27 32
27 20
27 21
27 33
27 34
27 35
27 36
27 37
27 38
27 39
27 59
27 90
50 29
50 38
50 45
50 23
50 35
50 47
50 48
50 43
50 46
50 51
50 52
50 44
50 58
50 66
50 69
34 47
34 43
34 37
34 44
34 63
34 77
23 15
23 17
23 18
23 46
23 44
23 41
23 43
23 48
23 53
23 58
23 68
23 75
23 82
23 90
23 91
35 18
35 29
35 31
35 43
35 44
35 47
35 55
35 56
35 76
35 77
35 83
35 91
47 18
47 31
47 41
47 48
47 44
47 62
47 63
47 66
47 69
47 87
47 90
47 93
48 24
48 31
48 41
48 44
48 52
48 62
48 69
48 87
48 90
48 92
48 93
43 18
43 32
43 38
43 40
43 41
43 44
43 71
43 76
43 87
43 91
43 93
46 19
46 31
46 41
46 45
46 79
46 44
46 53
46 58
46 61
46 82
46 87
88 58
88 69
94 63
94 71
25 15
25 83
25 93
73 16
73 18
73 20
73 21
73 31
73 75
73 44
73 76
73 82
73 90
77 21
77 31
77 42
77 44
77 90
77 91
75 18
75 20
75 21
75 31
75 53
75 44
75 90
59 19
59 30
59 32
59 53
59 57
59 99
59 71
59 58
59 15
59 66
59 55
59 68
59 22
59 33
59 49
59 64
59 91
59 39
59 62
59 63
59 70
36 49
36 93
36 44
36 68
36 71
24 15
24 44
24 58
24 63
16 15
16 92
16 98
16 19
16 22
15 17
15 18
15 19
15 20
15 21
15 22
15 26
15 90
17 41
17 22
17 53
17 44
17 18
17 19
17 42
17 70
18 71
18 51
18 76
18 63
19 70
19 20
19 22
19 80
19 62
20 89
20 58
20 62
20 65
20 68
20 71
21 85
21 32
21 52
21 55
21 57
21 58
21 68
21 69
21 71
21 83
22 55
22 26
22 40
22 42
22 54
22 56
22 70
22 71
26 51
26 49
26 64
26 44
26 70
92 39
98 42
98 65
41 40
41 49
41 44
41 62
41 63
41 71
41 83
53 90
53 78
44 29
44 38
44 40
44 45
44 49
44 51
44 56
44 60
44 61
44 64
44 85
44 87
44 89
44 93
44 96
44 97
71 63
71 40
71 55
71 90
71 93
71 89
71 56
71 83
71 76
51 30
51 54
51 56
51 57
51 66
51 70
70 49
70 64
89 69
89 60
85 58
85 63
85 83
85 60
55 54
55 78
55 62
49 30
49 31
49 32
49 38
49 54
49 57
49 61
49 62
64 30
64 38
64 62
64 66
29 30
29 33
29 31
29 32
29 42
29 91
30 32
30 33
30 38
30 52
31 58
31 45
31 66
31 90
32 33
32 81
32 52
32 66
33 68
33 38
33 42
33 45
33 52
33 57
33 61
37 52
37 69
38 66
52 99
52 69
52 87
58 57
58 95
58 45
58 68
58 87
58 61
58 69
58 82
58 90
45 42
45 57
66 68
66 69
81 63
68 79
93 63
93 78
93 65
40 42
40 54
40 56
79 91
90 91
78 91
54 56
57 60
57 61
60 61
60 96
61 82
61 95
95 63
87 69
62 63
62 65
63 83
65 83
96 97
